Clipboard 3.3

589, 1166, 1295, 2239, 2581, 3380, 3706


Sun Oct 12 16:59:49 2025 (GMT-03:00)
PEAKS RESOLVED:
	 Spectrum:	N20 11K Sam Juin 13 16:43:34 2015 2.5e10
	 Region:	592,000	   580,000
	 Baseline:	Linear
	 Peak list:
		Peak Type	Center X	Height	FWHH	Other	Area
		Voigt	  580,498	   0,2413	   2,538	   1,623	   1,0849	
		Voigt	  583,827	   0,0998	   1,594	   1,067	   0,2877	
		Voigt	  586,015	   0,0808	   1,435	   1,007	   0,2143	
		Voigt	  589,339	   0,4725	   0,154	   3,303	   2,4433	




Sun Oct 12 16:53:00 2025 (GMT-03:00)
PEAKS RESOLVED:
	 Spectrum:	N2O 11K Sam Juin 13 17:23:28 2015 1e12
	 Region:	1178,000	   1155,000
	 Baseline:	Linear
	 Peak list:
		Peak Type	Center X	Height	FWHH	Other	Area
		Voigt	 1154,934	   0,0520	   2,440	   2,053	   0,2565	
		Voigt	 1156,947	   0,0176	   1,959	   2,699	   0,0936	
		Voigt	 1157,975	   0,0197	   2,269	   2,367	   0,1017	
		Voigt	 1159,030	   0,0122	   2,400	   2,485	   0,0662	
		Voigt	 1159,836	   0,0154	   2,471	   2,333	   0,0820	
		Voigt	 1161,142	   0,0215	   2,655	   2,475	   0,1219	
		Voigt	 1162,130	   0,0103	   2,433	   2,091	   0,0510	
		Voigt	 1163,108	   0,0182	   2,171	   2,572	   0,0973	
		Voigt	 1164,215	   0,0054	   2,235	   2,013	   0,0251	
		Voigt	 1165,370	   0,0353	   2,610	   2,963	   0,2204	
		Voigt	 1166,631	   0,0034	   2,326	   2,347	   0,0178	
		Voigt	 1167,575	   0,0181	   2,406	   1,759	   0,0821	
		Voigt	 1169,234	   0,0259	   2,107	   2,341	   0,1291	
		Voigt	 1169,822	   0,0000	   2,483	   2,495	   0,0000	
		Voigt	 1170,865	   0,0174	   1,775	   2,139	   0,0769	
		Voigt	 1171,892	   0,0101	   2,228	   2,280	   0,0504	
		Voigt	 1172,931	   0,0182	   2,026	   2,197	   0,0860	
		Voigt	 1174,200	   0,0047	   2,227	   2,452	   0,0246	
		Voigt	 1174,966	   0,0188	   2,439	   2,411	   0,1012	
		Voigt	 1175,904	   0,0116	   2,164	   2,580	   0,0619	
		Voigt	 1177,991	   0,0360	   2,273	   2,396	   0,1873	






Sun Oct 12 16:53:36 2025 (GMT-03:00)
PEAKS RESOLVED:
	 Spectrum:	N2O 11K Sam Juin 13 17:23:28 2015 1e12
	 Region:	1305,000	   1280,000
	 Baseline:	Linear
	 Peak list:
		Peak Type	Center X	Height	FWHH	Other	Area
		Voigt	 1280,063	   0,1056	   1,970	   1,953	   0,4596	
		Voigt	 1282,226	   0,0833	   1,799	   1,891	   0,3428	
		Voigt	 1283,112	   0,0017	   1,934	   1,919	   0,0072	
		Voigt	 1284,092	   0,0845	   1,916	   1,928	   0,3607	
		Voigt	 1284,869	   0,0045	   1,811	   1,881	   0,0183	
		Voigt	 1285,904	   0,0708	   1,909	   1,927	   0,3016	
		Voigt	 1287,191	   0,0239	   1,976	   1,950	   0,1043	
		Voigt	 1287,982	   0,0578	   2,194	   2,170	   0,2795	
		Voigt	 1289,510	   0,0533	   2,272	   2,203	   0,2643	
		Voigt	 1290,710	   0,0353	   1,945	   1,938	   0,1522	
		Voigt	 1292,059	   0,0343	   1,921	   1,934	   0,1470	
		Voigt	 1292,969	   0,0208	   1,902	   1,910	   0,0880	
		Voigt	 1293,976	   0,0242	   1,922	   1,923	   0,1035	
		Voigt	 1294,877	   0,0134	   1,895	   1,912	   0,0566	
		Voigt	 1295,870	   0,0158	   1,926	   1,921	   0,0674	
		Voigt	 1296,793	   0,0082	   1,893	   1,909	   0,0346	
		Voigt	 1297,776	   0,0046	   1,851	   1,874	   0,0191	
		Voigt	 1298,760	   0,0078	   1,900	   1,900	   0,0329	
		Voigt	 1299,802	   0,0000	   1,867	   1,877	   0,0000	
		Voigt	 1300,636	   0,0028	   1,927	   1,913	   0,0121	
		Voigt	 1301,639	   0,0051	   1,909	   1,908	   0,0218	
		Voigt	 1302,693	   0,0030	   1,932	   1,908	   0,0129	
		Voigt	 1304,253	   0,0082	   1,827	   1,819	   0,0332	





Sun Oct 12 16:54:46 2025 (GMT-03:00)
PEAKS RESOLVED:
	 Spectrum:	N2O 11K Sam Juin 13 17:23:28 2015 1e12
	 Region:	2243,000	   2224,000
	 Baseline:	Linear
	 Peak list:
		Peak Type	Center X	Height	FWHH	Other	Area
		Voigt	 2225,905	   0,0000	   8,471	   7,553	   0,0000	
		Voigt	 2227,046	   0,0000	   7,927	   6,799	   0,0000	
		Voigt	 2227,884	   0,0000	   8,378	   7,192	   0,0000	
		Voigt	 2228,135	   4,3728	   7,456	   6,820	  68,8726	
		Voigt	 2228,745	   0,0000	   6,422	   7,793	   0,0000	
		Voigt	 2231,053	   0,6275	   8,244	   7,957	  11,2570	
		Voigt	 2234,321	   1,6487	   8,139	   7,362	  28,1663	
		Voigt	 2235,024	   0,6678	   8,043	   9,245	  12,9629	
		Voigt	 2235,119	   0,0000	   7,353	   7,377	   0,0000	
		Voigt	 2236,740	   0,0000	   7,597	   7,376	   0,0000	
		Voigt	 2237,094	   3,2337	   8,140	   7,449	  55,6039	
		Voigt	 2238,527	   0,0000	   8,900	   7,685	   0,0000	
		Voigt	 2238,803	   0,0000	   6,231	   7,821	   0,0000	
		Voigt	 2239,674	   4,4450	   7,373	   9,040	  82,4162	
		Voigt	 2241,225	   0,3006	   7,721	  10,714	   6,3332	




Sun Oct 12 16:55:34 2025 (GMT-03:00)
PEAKS RESOLVED:
	 Spectrum:	N2O 11K Sam Juin 13 17:23:28 2015 1e12
	 Region:	2600,000	   2565,000
	 Baseline:	Linear
	 Peak list:
		Peak Type	Center X	Height	FWHH	Other	Area
		Voigt	 2565,458	   0,0011	   2,339	   2,221	   0,0055	
		Voigt	 2567,324	   0,0035	   2,306	   2,286	   0,0177	
		Voigt	 2568,527	   0,0003	   2,268	   2,161	   0,0013	
		Voigt	 2569,429	   0,0034	   2,113	   2,037	   0,0154	
		Voigt	 2570,557	   0,0066	   2,448	   2,415	   0,0354	
		Voigt	 2571,372	   0,0000	   2,342	   2,264	   0,0000	
		Voigt	 2572,359	   0,0126	   2,337	   2,357	   0,0658	
		Voigt	 2573,350	   0,0000	   2,058	   2,125	   0,0000	
		Voigt	 2574,288	   0,0112	   2,151	   2,198	   0,0543	
		Voigt	 2575,087	   0,0000	   2,252	   2,364	   0,0000	
		Voigt	 2576,463	   0,0065	   2,280	   2,204	   0,0325	
		Voigt	 2577,279	   0,0077	   2,248	   2,145	   0,0372	
		Voigt	 2578,396	   0,0008	   1,901	   2,104	   0,0038	
		Voigt	 2579,254	   0,0100	   1,816	   2,072	   0,0438	
		Voigt	 2580,246	   0,0025	   1,892	   2,141	   0,0112	
		Voigt	 2581,369	   0,0110	   1,950	   2,092	   0,0496	
		Voigt	 2582,301	   0,0033	   2,161	   2,253	   0,0163	
		Voigt	 2583,255	   0,0053	   2,215	   2,166	   0,0259	
		Voigt	 2584,075	   0,0095	   2,198	   2,331	   0,0482	
		Voigt	 2585,129	   0,0028	   2,341	   2,164	   0,0138	
		Voigt	 2586,072	   0,0128	   2,088	   2,198	   0,0610	
		Voigt	 2587,053	   0,0018	   2,225	   2,245	   0,0091	
		Voigt	 2588,083	   0,0148	   2,186	   2,251	   0,0729	
		Voigt	 2589,116	   0,0040	   2,220	   2,188	   0,0197	
		Voigt	 2590,203	   0,0119	   2,182	   2,378	   0,0605	
		Voigt	 2591,059	   0,0070	   2,283	   2,300	   0,0355	
		Voigt	 2592,107	   0,0128	   2,271	   2,199	   0,0635	
		Voigt	 2593,204	   0,0073	   2,121	   2,255	   0,0355	
		Voigt	 2594,113	   0,0163	   2,153	   2,283	   0,0809	
		Voigt	 2595,162	   0,0024	   1,988	   2,117	   0,0110	
		Voigt	 2596,018	   0,0215	   2,027	   2,055	   0,0976	
		Voigt	 2596,993	   0,0022	   2,286	   2,329	   0,0112	
		Voigt	 2598,191	   0,0299	   2,082	   2,298	   0,1468	
		Voigt	 2600,554	   0,0456	   2,196	   2,151	   0,2196	




Sun Oct 12 16:56:20 2025 (GMT-03:00)
PEAKS RESOLVED:
	 Spectrum:	N2O 11K Sam Juin 13 17:23:28 2015 1e12
	 Region:	3382,000	   3376,000
	 Baseline:	Linear
	 Peak list:
		Peak Type	Center X	Height	FWHH	Other	Area
		Voigt	 3376,956	   0,0012	   2,343	   2,503	   0,0062	
		Voigt	 3378,809	   0,0018	   2,118	   2,228	   0,0088	
		Voigt	 3380,038	   0,0020	   2,220	   2,516	   0,0104	
		Voigt	 3382,294	   0,0071	   2,119	   2,524	   0,0370	





Sun Oct 12 16:59:05 2025 (GMT-03:00)
PEAKS RESOLVED:
	 Spectrum:	N20 11K Sam Juin 13 16:43:34 2015 2.5e10
	 Region:	3706,500	   3704,500
	 Baseline:	Linear
	 Peak list:
		Peak Type	Center X	Height	FWHH	Other	Area
		Voigt	 3705,861	   0,0037	   1,138	   1,080	   0,0092	

